[redshift]
location-provider=manual
temp-day=5700
temp-night=3500
fade=1
dawn-time=06:45-7:30
dusk-time=21:30-22:00

[manual]
lat=37.733795
lon=-122.446747
